44793
44817
44830
44862
44907
44953
44973
44974
44977
45205
45365
45432
45482
45484
45527
45529
45550
45552
45553
45554
45555
45556
45732
45828
45829
45830
45832
45896
45900
45904
45907
45908
45909
45912
45913
45914
45915
45917
45918
45919
45923
45929
45930
45932
45934
45937
45938
45939
45959
45962
45964
45965
45967
45970
45972
45974
45977
45979
45984
45985
45986
45987
45989
45990
45992
45994
45997
45998
45999
46000
46001
46003
46004
46008
46011
46016
46017
46021
46022
46024
46025
46029
46030
46032
46033
46040
46042
46043
46044
46045
46046
46047
46048
46049
46050
46051
46053
46054
46055
46057
46058
46059
46060
46061
46062
46063
46064
46066
46067
46068
46071
46074
46075
46076
46077
46078
46080
46081
46082
46083
46084
46086
46087
46090
46092
46094
46097
46099
46103
46104
46105
46106
46114
46116
46120
46121
46123
46124
46125
46126
46129
46130
46131
46137
46138
46139
46140
46141
46142
46143
46144
46146
46147
46148
46149
46150
46151
46152
46153
46154
46155
46156
46157
46158
46159
46160
46161
46162
46163
46235
46249
46250
46268
46269
46306
46315
46317
46330
46331
46333
46353
46378
46379
46380
46422
46425
46434
46435
46436
46462
46478
46481
46501
46507
46508
46515
46516
46517
46518
46519
46521
46522
46523
46525
46527
46528
46529
46530
46531
46532
46533
46534
46535
46536
46537
46538
46539
47259
47490
205878
770999
196553
199730
308546
37436
47332
477277
47568
309396
310207
308486
309339
191780
463532
199461
318606
42425
47228
314679
47665
48395
466229
312586
44332
62768
48088
770974
197233
47260
313287
308616
207745
42218
188972
444495
50502
48027
446653
62998
52798
57436
46985
206454
202183
42436
200895
63119
42491
51210
51023
47470
447276
48332
309470
199719
46633
46799
310675
308507
449066
446842
206742
50036
452610
45849
51138
205321
48665
46580
51106
52659
204360
658676
48717
47075
46953
771072
188535
448397
771041
205832
50948
63138
44422
63007
467634
47350
447776
199384
48204
199335
203377
39510
37649
46950
49261
51011
57357
477291
48390
200841
48527
201753
453454
51025
461502
316270
450946
48312
46830
47857
309441
187805
194586
49924
194289
308531
42211
312608
308410
52081
50747
48716
42333
313101
48516
308568
197613
204414
310547
205325
449041
50187
57434
312158
309345
185914
670810
449637
48597
309346
37433
42394
308406
48801
50037
44447
50960
50834
309324
205835
50950
460135
761272
47447
47804
310517
468271
446929
196741
47953
447285
197824
63137
50567
314635
466618
46932
47587
42285
47908
203276
48552
448261
451707
47158
451363
194238
39512
444893
44450
192802
203299
63135
318605
50813
49896
48311
658719
47222
871929
47648
208243
447289
52059
310219
48701
48714
314693
445270
446841
62601
309442
204364
477288
308451
309490
63142
210743
308582
42206
195041
204386
47258
62590
771025
50213
50334
205323
310645
193093
190600
46714
465875
37524
37537
770940
51217
42397
46965
46569
57422
197572
48699
48509
48840
46590
320343
46675
44727
313241
200823
309486
48340
194235
309509
312802
50349
49296
313155
446878
49216
308296
63061
200886
316177
308291
47786
73217
308386
45889
49344
48324
50192
57404
47858
57400
450494
185901
918706
62917
314633
848436
52767
487245
890336
63129
48451
50335
466230
