44793
44817
44830
44860
44862
44907
44936
44953
44969
44973
44974
44977
45205
45365
45432
45482
45484
45527
45529
45550
45552
45553
45554
45555
45556
45557
45732
45828
45829
45830
45832
45896
45897
45900
45904
45907
45908
45909
45912
45913
45914
45915
45917
45918
45919
45923
45929
45930
45932
45934
45937
45938
45939
45945
45946
45959
45962
45964
45965
45967
45970
45972
45974
45977
45979
45980
45984
45985
45986
45987
45989
45990
45992
45994
45997
45998
45999
46000
46001
46003
46004
46008
46011
46016
46017
46021
46022
46024
46025
46029
46030
46032
46033
46040
46042
46043
46044
46045
46046
46047
46048
46049
46050
46051
46053
46054
46055
46057
46058
46059
46060
46061
46062
46063
46064
46066
46067
46068
46071
46074
46075
46076
46077
46078
46080
46081
46082
46083
46084
46086
46087
46090
46092
46094
46097
46099
46103
46104
46105
46106
46110
46114
46116
46120
46121
46123
46124
46125
46126
46129
46130
46131
46137
46138
46139
46140
46141
46142
46143
46144
46146
46147
46148
46149
46150
46151
46152
46153
46154
46155
46156
46157
46158
46159
46160
46161
46162
46163
46235
46249
46250
46268
46269
46306
46315
46317
46330
46331
46333
46353
46378
46379
46380
46422
46425
46434
46435
46436
46462
46478
46481
46482
46496
46501
46506
46507
46508
46515
46516
46517
46518
46519
46521
46522
46523
46525
46527
46528
46529
46530
46531
46532
46533
46534
46535
46536
46537
46538
46539
47259
47490
205878
770999
196553
456953
52032
199730
308546
37436
47332
477277
47568
309396
310207
308486
309339
191780
37588
463532
199461
318606
208478
200780
42425
47228
314679
231854
47665
48395
466229
312586
44332
62768
48088
770974
197233
201908
47260
313287
308616
198433
207745
196211
42218
234893
232263
188972
444495
50502
48027
446653
62998
52798
57436
46985
206454
202183
42436
200895
63119
42491
51210
205929
51023
50995
201664
47470
195274
310552
447276
314182
48332
309470
199719
46633
46799
310675
308507
449066
446842
478713
206742
50036
841268
449573
452610
45849
199021
51138
205321
48665
46580
51106
52659
204360
658676
48717
47075
46953
451839
771072
188535
450214
448397
771041
205832
50948
63138
44422
63007
467634
47350
447776
199384
48204
199335
203377
39510
37649
46950
49261
51011
57357
477291
48390
200841
48527
201753
453454
51025
461502
199283
316270
450946
48312
46830
47857
309441
187805
194586
450126
49924
447230
194289
308531
42211
312608
308410
52081
50747
48716
42333
313101
48516
308568
197613
204414
310547
205325
449041
50187
57434
312158
309345
185914
670810
199332
449637
48597
200816
309346
37433
42394
446648
308406
48801
50037
44447
50960
50834
309324
205835
50950
460135
761272
47447
47804
310517
468271
446929
196741
191369
47953
447285
197824
63137
50567
314635
466618
46932
47587
42285
47908
203276
48552
448261
208898
451707
47158
451363
194238
39512
449970
444893
44450
192802
191350
203299
63135
318605
204077
50813
51163
49896
48311
658719
47222
871929
47648
208243
447289
52059
310219
48701
48714
207984
448983
314693
208278
445270
450257
446841
203149
62601
309442
204364
477288
308451
309490
63142
210743
461088
308582
42206
195041
204386
47258
62590
201031
771025
50213
50334
205323
310645
193093
190600
46714
465875
37524
191799
206006
195752
37537
770940
51217
42397
46965
46569
57422
197572
48699
48509
623479
48840
46590
320343
46675
44727
313241
200823
312915
201733
309486
48340
194235
830414
477266
309509
449095
42458
312802
194248
712495
50349
49296
313155
450142
450212
446878
49216
196421
308296
63061
195277
310244
200886
316177
50989
308291
47786
73217
308386
45889
49344
461242
48324
50192
57404
450153
47858
57400
450494
185901
918706
62917
314633
848436
52767
487245
890336
63129
48451
50335
466230
308624
52220
52834
48682
308362
49349
463086
208006
51946
48544
47019
52058
449071
313301
771024
770996
309498
310466
309388
46955
450747
51014
452853
52802
46962
446935
309519
460178
308652
48572
42279
476276
231853
623468
45893
63141
42360
460174
47809
201028
232205
309327
76733
50338
310220
46779
308457
195021
309138
201716
447279
308520
72737
448987
314681
197614
47988
312629
833900
188777
46940
309447
201729
62759
47722
47582
451855
47922
444445
63109
48661
48280
206058
57517
194589
50313
477270
46928
188534
460139
52377
197222
44426
52807
316716
644110
50770
47599
53855
449913
670813
48625
46947
50359
188908
52611
770989
42243
210750
37432
52259
194432
62677
204512
52755
231034
51010
465872
771037
42251
39506
670807
623467
40074
449904
47394
447287
207983
46558
37563
47600
49862
46836
46561
308404
39511
444485
62711
770942
310197
46638
203297
460128
46849
476285
47102
53828
194433
46205
313009
208140
49359
50908
47412
53798
62703
451993
449481
308420
62551
45844
48695
309385
771039
463559
314680
207399
205825
446997
51187
50741
471751
47389
312928
52057
208036
49351
206654
318607
45834
53891
460681
208409
47438
42216
460675
448395
206586
201052
231855
308711
771073
460717
309492
62595
316719
308554
314955
50944
45882
53777
42250
47811
239486
195013
205470
187857
44726
204385
42324
309525
37510
53774
771065
47174
187800
52797
194256
446222
199026
204403
207775
48702
200772
460170
204071
471800
770938
456210
47755
752044
309344
460983
200885
48629
453896
49262
460182
63939
63097
37449
623470
199039
48281
495466
446269
239506
62546
42448
671535
52461
308628
308580
48749
44689
853841
675861
48172
47949
310231
448017
42212
48636
63565
451635
191344
52811
476256
41749
623478
46848
76114
48628
50317
51013
44729
194632
51247
49293
833904
460660
53826
47388
309503
670995
461338
199751
42389
48223
205914
460146
231768
63123
195500
204374
771023
239494
62922
205096
444501
48012
46550
644111
651241
447277
47920
37450
51001
200862
193020
50659
52568
37458
446944
47066
193355
670812
73216
448984
191142
308381
451397
50884
48566
748293
204355
770986
47644
200880
49366
747034
49201
187854
451122
47688
195774
771053
312161
448981
50891
49553
477323
44431
454610
477749
651290
307473
48086
42278
204760
48329
478669
309401
197558
62528
53616
47892
190732
63093
204524
47574
78006
316000
313309
47443
48759
46570
49203
188538
308297
62552
46773
308411
47077
47118
475761
47846
201610
52922
446886
314688
452223
63120
770916
46809
192803
197018
63125
465871
203378
47292
63133
200726
450947
42255
310550
52546
188900
50314
199271
770977
62770
315176
194304
51021
48611
49857
73676
449073
308561
191375
200928
46563
444845
308466
308518
52563
39885
309494
451695
50709
450099
46927
47556
78432
50229
187740
308293
48228
232384
202122
200981
199128
460136
310542
48504
450769
46914
309504
239483
48467
65596
448424
209997
46619
451362
309300
308428
308465
460142
205254
57358
449392
477280
52907
448726
62942
57362
308515
46941
188539
314629
197485
205629
44737
48174
47657
75591
45871
48741
199721
48676
466701
49298
63048
623442
48764
47482
48748
315999
308558
48846
197213
51018
49861
188753
310198
310355
318662
51134
202184
48085
47850
204350
48335
42217
487350
461494
47505
48609
308483
47315
42350
308623
42367
42364
316813
309371
446008
203150
194236
310544
460320
207145
46988
453424
47625
308423
460715
447748
52023
201030
47758
50328
49142
49274
309728
48666
42443
329983
62715
310522
449048
47941
52218
446961
50536
48635
623473
48690
52720
73366
46686
42369
206631
451694
471753
62910
48766
309523
52492
198006
449429
50921
48275
46640
47681
204075
50316
309335
449371
194391
62630
47103
191729
198670
651287
450929
208822
477275
52513
308512
47693
309443
198426
187860
477326
208554
48691
52076
309129
42416
449042
194293
205336
47810
50506
50033
447163
465870
199728
199532
48267
447072
52524
39631
207383
851662
205930
470127
201359
57417
307870
894321
194292
309301
200840
62557
42254
309751
188993
62627
200827
50020
42222
647271
203478
200944
46817
42253
319859
771038
47990
46555
42268
208120
50707
771015
446976
47282
48633
42522
310196
47106
475752
48425
770917
771030
771036
46757
56587
201731
47234
308387
199568
309436
47927
194636
52089
47370
451650
62941
190647
47441
448976
453996
197225
446845
48550
449870
48755
476257
42413
446907
52064
42267
210147
468523
198409
47854
236977
196344
857949
49215
203083
52638
208009
830413
46989
48278
63100
312570
40083
309717
447278
50235
308450
52547
187746
308354
48598
42434
449072
204090
451618
37407
465889
48202
670989
49308
206433
208387
449649
465879
46636
47169
51067
463208
449877
623474
308514
309437
63071
460131
312165
186684
47566
477281
468390
200891
63087
449363
47286
449773
49559
48762
199740
308516
191345
194288
62666
467946
47497
52518
202121
52983
52054
318614
192831
201798
47439
46872
47433
444488
194303
828462
308651
57368
52020
42224
47472
194262
46920
46923
208403
208307
46959
63049
207713
201881
44429
52906
46556
203363
309752
451621
62995
461218
234910
9179
47888
62553
42309
449422
50332
62712
62702
839471
47481
451130
204062
197819
310203
468399
57502
199515
680960
44724
40207
196544
239497
46557
46192
51192
201641
851660
48850
196361
308592
208556
200876
234894
46693
47407
46667
771060
37540
460169
48271
49356
309372
199470
201781
478811
206319
47656
199343
46720
308519
51064
48565
44421
197219
47616
48712
42511
460270
205920
46631
204368
309517
475755
62701
48306
308425
52047
41076
47435
449430
62717
42236
468397
309499
308618
190797
308511
42391
198497
48175
188389
42237
192844
45837
62563
47691
187863
46654
195208
62558
309445
40084
448542
194624
448260
308447
52812
451890
310208
309386
309352
37477
62871
774589
188974
73635
195775
197532
52224
48769
39589
47453
309137
48594
46639
46782
770952
48592
52018
50354
44749
771026
204351
475725
63070
50027
195273
316882
46760
310214
48610
62724
51012
57515
203192
48644
308525
48745
47603
46942
52305
475749
444876
448181
444480
203298
460149
63082
49920
53825
48051
48333
309373
890331
47620
449058
313363
198677
771045
314696
62527
449636
203266
50655
47385
194595
50971
48620
194906
63065
309337
451200
307622
187733
308476
47759
51056
451029
42305
451741
208486
42506
449437
308541
50907
307472
53767
205979
62556
42377
47256
45891
63140
198939
42221
196567
44741
52939
871864
57370
63550
52972
47401
201730
52804
450944
892635
46840
201732
42393
206328
309469
50841
465873
52065
465876
466579
62754
194232
48272
187859
44756
46634
308629
44454
309497
317793
52470
316886
42474
48579
52739
47186
460143
309713
460168
46797
314678
52765
47072
202473
46586
314626
446844
203304
206392
63539
47558
47440
771050
208421
52682
308523
50186
48244
312603
308359
62713
53765
48654
190648
452835
47218
309512
316720
308513
310602
46939
63131
448986
49266
47787
62602
52398
194439
47119
47687
46568
51133
308534
47308
42406
308463
198669
48590
194246
72312
52024
47320
200879
52712
194390
651289
451892
476296
46762
191213
47117
47299
52039
308417
447286
63941
47686
51044
205640
449068
49305
449652
47785
449419
309132
316711
48713
308538
310704
308424
314628
194637
668677
40960
50329
62588
207777
465878
52679
309484
479662
471755
49204
40095
46673
188541
194488
191206
308713
51183
48746
451891
307865
207152
76452
51015
771081
446840
47591
198972
461210
308642
52034
667259
47873
45894
47792
205936
204372
49318
47404
46739
44743
42205
204513
447789
52569
475750
47615
199533
308714
449560
314690
46796
448432
48251
194239
47216
47890
187829
194287
42438
62867
47803
50839
453457
46746
52945
308526
62571
46223
46564
204382
46559
48343
62772
194639
207247
309376
194392
871729
449740
748327
460272
49295
476258
63126
449905
204671
39518
51003
478438
52971
449771
452036
57489
46991
476282
39513
197580
47619
444496
450930
460132
701291
315677
50355
42228
47622
187847
309338
330104
478436
670806
444503
49909
310215
444481
451619
460280
197224
53773
476300
460147
208040
444517
45883
202268
193064
62681
48765
42272
210783
670992
42208
46968
49270
476251
449906
50305
46665
52916
451873
475416
51020
187701
50837
192949
187856
853981
450943
476266
308380
46547
48551
460665
42257
448447
49352
196360
63526
190474
461339
192830
50694
47215
460277
771034
48844
36454
47647
463554
42358
188645
47527
199320
47327
48643
51130
52040
50742
188765
448696
208397
47923
446936
46687
48669
460184
62555
187828
42421
50783
48767
57425
188976
309399
48726
63020
445301
848444
62916
52732
194588
39590
444451
46915
461224
310521
309482
205043
204377
52066
42247
57522
208181
50885
310359
208796
62692
47680
856856
42498
46624
460173
314699
48648
871715
444518
62769
47409
208245
194234
449089
208121
454766
50748
475758
188633
447177
476280
47853
308710
44419
192810
823194
50737
62597
314697
195307
51161
48781
460265
658718
57366
309521
475751
50881
48677
46676
307869
449776
63083
205330
449874
46863
47947
450459
48052
199670
460186
48337
50743
312891
39519
195272
46748
460179
42241
44739
50714
42440
308304
461193
309756
468158
471749
239358
46588
476253
308566
48480
46674
308619
314181
202178
48564
57418
191583
460227
62609
194228
309510
444490
208199
48462
444900
42366
308298
204415
477274
208337
51002
45863
310227
449079
47911
42422
47064
46961
42490
47950
42190
309731
2646
197570
62573
195742
47536
51009
46871
48577
451740
206142
52014
53964
63328
51041
448557
451620
308709
47921
49208
48740
52035
771000
50844
451881
450945
188397
667252
49267
771016
314365
50942
49346
48649
50749
194233
48339
451364
205962
57441
62909
475759
48664
51066
309741
52063
42213
308440
460127
475760
204072
62710
198784
308552
308403
196184
194261
203609
48489
314682
48310
47805
205379
44740
46935
52022
308415
46922
318470
42388
207990
667264
42338
53419
310358
666592
39521
771022
63329
50935
42417
195741
47132
465877
52261
48558
449313
52436
187660
49264
771009
468393
47640
42537
199722
53846
42201
50906
52298
449361
623469
448223
46933
44738
308885
910524
46938
47642
47294
194243
208811
770979
48224
313302
202191
447164
771068
500028
477325
771019
48013
63134
48330
42427
308508
188994
53930
187791
63054
460673
42386
447139
42246
451840
445289
310201
48189
63695
206508
51223
442905
47420
200980
479830
308408
447138
208279
44441
871928
44349
52803
47872
48506
190657
52514
310194
449421
199348
308550
192854
48725
5713
208029
308524
48387
460183
52442
449772
46958
48369
460226
62706
203151
48612
47309
52219
191593
308886
310206
47501
47317
319966
447292
310523
47367
770923
316715
451466
309487
39609
451946
46165
450759
48571
47959
62714
48735
44528
46868
42464
47307
37398
48750
207319
46979
309379
45886
48124
444515
201250
309468
42313
42476
46778
187749
833902
42428
49864
52053
200839
51063
50848
44465
206024
46543
205471
192308
47319
48559
199720
47449
42409
52801
47050
199135
57359
200982
47534
52036
309759
195217
708306
308591
463707
194229
49856
47637
47883
49855
50722
309356
42238
47828
477815
308383
50975
51173
770920
46542
48775
48276
48727
47589
47938
316718
446902
468391
313397
232031
52391
46816
308535
48615
308578
42363
47226
317890
47695
448988
50165
465886
51007
205324
40206
52208
450760
188537
49299
191733
48859
310497
193084
199726
48574
452011
47780
207189
771056
47676
49852
307474
308718
309746
667256
208439
50973
187849
201751
45873
451352
204387
314684
48461
62658
51224
46705
308352
448997
199181
770925
45853
62550
308544
46719
194583
37404
310589
52605
199744
47391
204423
50738
47060
199601
45864
53775
195127
50315
47870
47455
48211
199559
468394
239363
762253
50938
50840
52658
465884
62634
48569
465880
196343
194230
451880
465883
47257
442902
194471
446879
47173
199417
319468
48304
63081
50143
48646
199727
62530
199338
195501
308645
474926
42203
449116
64119
309730
52017
52056
42414
449078
46827
47951
47977
62761
451365
199775
63101
192811
460984
307866
47287
62863
46918
47185
468167
201762
191731
53853
448998
449804
52813
57369
670808
308722
51000
47043
198707
309501
50773
48706
48650
451986
450198
446685
47982
313275
460264
447617
40959
196568
446909
309508
194967
308569
194608
72420
42307
57492
48351
310232
446843
48309
771021
193449
45869
47540
468382
46986
460718
187871
309516
309397
50524
52933
42426
57488
44755
199731
199336
460716
487341
460138
50919
447987
62636
446695
205087
308388
48736
310494
47770
52809
208156
62686
448975
451908
42227
42479
460677
477283
463710
42403
188372
62765
46781
460689
52491
451180
47473
73810
47171
312581
50708
465881
52794
63108
48761
193109
48187
49206
200622
52719
312572
197223
451798
205252
53961
48647
204391
201029
75938
199733
308626
239510
63127
47414
47029
466231
204511
308607
449676
309440
468166
309363
46575
47398
204058
204098
446963
42191
318293
623500
198575
319633
48084
49899
52943
199051
313305
446264
199570
666591
45857
310218
47783
47434
47089
62615
48334
46727
706069
47088
50568
52019
63096
51027
823195
48096
313304
46718
62591
57511
449010
47384
44439
47754
453452
476264
48613
42439
48314
48747
310716
52050
450767
47092
310662
46957
451429
37435
239354
828443
194291
47989
238560
201906
198778
308702
471799
50700
52075
46545
444980
48645
194472
451878
449086
312157
47429
188556
203612
314691
209254
451338
310607
452083
204352
47807
202205
762252
853980
48424
47091
48580
308347
42337
52069
308622
770921
208248
50247
309514
48852
46209
194590
42207
452960
460177
308625
487351
449498
310512
315678
309333
47935
207850
871960
199334
207469
198780
310363
449622
49426
199134
194475
234883
308529
308655
50726
310556
487563
471759
204514
52736
239498
46553
48698
37439
205378
53618
194307
309735
460133
770987
50817
197616
47448
46635
670994
42301
186687
198963
307620
449508
72324
308413
48308
204392
42256
471758
47278
47821
770962
308565
47565
455082
204363
47948
48694
475726
204354
50842
48703
310202
208389
314687
309364
476254
50816
476287
447171
48616
830412
771029
50815
771066
47575
467959
63313
208083
308571
42353
454767
52399
444888
52709
449775
204066
57365
50331
450460
449875
44637
194301
446654
42540
46730
48483
239488
49335
49139
841274
48679
191779
448686
449635
308382
448969
207815
310221
205381
52778
44752
62707
448448
204515
208422
461500
460666
47530
63094
447678
771031
466228
448430
48696
239563
52216
48604
42306
460664
42326
52681
460679
47122
309326
48639
314217
197829
450931
448694
461501
49135
53956
46831
309357
308555
46770
46943
52049
208001
46937
771006
308719
48562
447995
48686
37431
308724
239357
308527
45838
198973
307864
838101
308609
204402
309303
314364
62704
46898
51026
466283
47678
63124
72738
208440
37442
205826
478708
202215
48126
461503
47813
62708
52052
39501
47270
49362
44725
316001
42510
197612
239561
449435
201289
308350
451836
47061
308379
200861
203257
461493
45839
308542
52038
47623
39505
63531
447080
49915
194279
308567
39520
42740
49903
451622
46666
449083
771064
46233
239364
313340
42215
468525
48346
194960
205326
47577
478667
47279
64921
308414
191218
310199
449080
200873
449903
770961
48532
46712
195499
42468
42199
42232
445241
50999
195209
317749
770931
62559
199195
47049
309444
47364
206318
770945
208398
52609
198416
771052
47641
210162
199569
48222
308300
42551
46897
204070
50236
48754
477276
50702
309513
62721
451434
52978
42242
309760
449869
44730
308606
194591
232222
198777
47006
206025
48159
449129
47762
198322
308349
47958
42312
62640
202171
53203
48203
309380
46865
46924
202124
9367
52085
199886
62792
48359
46554
47626
447159
51124
670815
239496
204084
47896
208542
202218
902207
36452
48602
46587
187801
207124
39496
52252
50026
890351
48058
770933
308458
446945
62877
448182
770939
448441
449485
318617
52923
37657
449428
48774
51008
47634
41753
192800
671537
449623
449402
199542
187750
46893
52300
453349
46713
308459
52033
205100
451871
46541
47510
42370
47869
201394
449420
187848
46546
46948
203278
48811
63085
44428
48573
201408
47866
449880
49360
623475
50350
48655
449738
463529
239355
47402
316782
42308
46987
39524
197220
49316
48316
307619
308627
308303
444463
49850
46791
42469
468168
50819
47062
199285
314523
62905
448826
48621
451879
42400
47682
62697
670990
51232
205922
42550
308521
42354
47203
48772
448186
45847
206393
194582
46627
308723
185900
447130
47137
449659
48771
44690
468398
62598
48254
46642
47149
204370
309387
45880
204383
48128
308441
449418
47108
39576
52930
52711
471747
308426
189020
308456
309360
770934
42541
52021
444873
48640
309353
446283
47254
208035
48285
770951
63084
309439
205328
208806
49319
309518
48411
450480
47395
42424
45870
771035
308584
468526
449067
57438
208122
47723
199273
62694
42192
199752
199261
449557
446673
231832
44427
308492
770922
444507
308530
49189
234882
451361
52304
46946
197571
449744
308648
452920
310193
48637
51032
667254
45868
52046
47280
198941
465831
63189
765030
47353
448968
451889
44742
52810
461497
52753
42341
48595
308600
449362
49825
63103
47720
310205
63136
51179
312935
449747
199415
770941
37478
53856
194587
205919
444486
52067
49136
667258
199372
62638
449555
308577
49268
47784
207123
52942
203364
42209
52400
49323
47295
62722
196601
770973
47973
318291
47757
49833
319570
50362
52806
62684
37558
770913
47806
449404
195780
316875
50824
310601
309331
316175
63122
206796
51206
770969
207153
42293
52043
47621
42011
63102
769061
44728
771063
47306
62545
309354
48776
460175
310520
62943
316714
449634
62606
477741
57406
48305
198974
449357
203608
194479
463709
47157
45861
50548
47214
478437
48809
198432
308355
193062
309495
186286
52215
207776
308602
460263
447275
48546
308884
460279
63545
46755
308883
52624
200952
53157
45862
319227
44688
444948
42317
449736
48641
206507
451763
309485
48608
309747
48216
47313
63548
193063
446903
49191
47281
49272
460575
62757
47985
204046
307863
680974
53613
57435
209256
46916
45845
52975
52562
310652
464680
449497
625629
50981
444898
308294
198781
62937
52685
629700
48482
37438
715459
446217
62763
317991
206517
468169
477748
47914
52260
201032
460278
50720
315155
52041
50943
770928
46921
187702
199466
308706
47983
451834
63132
308704
201738
208546
448394
44424
196260
42415
42505
48284
46783
52941
202243
206629
48720
42378
42248
50820
57367
200734
39484
706316
202581
476271
200962
46726
48456
198500
52808
851661
205327
449063
63128
471756
448671
451933
57403
770953
44423
196262
465888
451865
53468
48481
308412
447288
313145
49905
50740
308363
458261
308712
62547
667257
46913
44448
314197
57356
52777
51050
46614
52626
50998
42235
199337
451336
451441
74426
46566
771046
53628
453308
206914
308585
207470
48581
460187
205827
308588
308292
46690
48570
310538
53627
309502
309378
49248
449424
46680
449748
47624
50713
57520
48841
42290
748303
308657
197552
308608
307873
37457
62633
62668
205845
50211
52222
51160
48842
194963
75831
38308
37557
308560
62635
447176
468159
51019
52026
42200
63057
47531
308563
208388
449117
463533
62589
48246
50880
48015
50886
63099
198507
475754
37479
50463
197605
309366
48768
44721
623471
47253
447674
191600
445269
42220
37434
460185
46929
448541
194231
63090
310364
48575
447185
449876
46276
460676
199111
61634
310568
52976
42486
192801
193077
197232
460276
52579
671536
187748
460900
48757
47945
309323
50777
47696
448429
460268
51024
465895
50226
198947
468165
448544
239359
670809
200921
50952
201769
308646
47609
47183
37476
451609
62760
447070
42355
460659
770971
47375
187845
309446
307614
314694
449851
317786
63942
44467
312606
308586
453623
62656
194395
445268
206564
309389
471836
308446
185902
451492
309753
206522
49207
48507
46815
37555
206107
47432
46544
463546
46623
201290
51005
52656
49363
307615
52401
446652
210179
465882
662967
308452
314695
49914
452025
46704
308647
50547
771047
48697
52029
48593
318602
308557
461222
48591
202967
46560
48466
62541
57405
308545
46930
203401
476304
47427
204380
207564
771043
309325
449883
205382
207404
50333
317989
478668
460144
47223
51222
53006
770975
36446
308556
194251
451431
49214
50473
62611
848435
50356
46571
49900
42376
479661
52217
467958
197515
460134
471757
63088
42240
446888
205322
468395
49898
477269
38546
52517
75915
201695
47373
44722
451432
308540
53944
623476
487292
308615
204356
42477
47660
48156
465885
48734
314524
308532
42450
52936
449455
48560
468396
312632
200892
444497
199110
307868
203607
236160
39559
205476
46919
444508
770927
201907
318603
308464
47290
770959
206073
471754
308301
308510
444478
52932
314954
39529
465874
446946
447464
471752
52921
477278
308570
309496
42204
42265
44747
449708
201054
48660
200911
310673
310654
46565
207847
48432
49425
308487
37475
207779
50563
51213
199765
452082
37455
52984
200868
317831
456054
201299
463085
191730
460652
47347
187794
52506
188378
308549
192034
199534
48338
46869
192014
200894
51049
449403
468400
444516
448700
204047
52383
62764
63069
446900
50692
447137
62587
45848
468524
200740
47316
47725
670991
47942
49269
449426
48777
449081
309438
478988
50765
46934
47635
308707
205935
310465
448985
199732
48603
46818
206669
48631
198940
309355
48307
449872
50830
48596
199729
47946
196182
452084
49533
770970
52055
643549
309400
201756
51045
476252
52479
200730
200869
48632
314698
194961
39528
196359
199132
48773
37454
50311
447120
318475
460678
52662
63035
313286
47053
206385
475756
309359
208450
447990
47380
308491
47915
47483
770924
452683
42311
312571
201053
49859
51017
204396
310496
191778
42286
205335
848434
52639
828493
62771
310209
47074
47495
62533
478433
204026
316721
314636
42694
313156
449902
42432
48129
204753
46887
449400
204384
46562
47820
308455
49273
447146
197993
47196
449070
453047
449743
47633
308477
447229
47065
48331
675862
46956
42229
47939
188998
308409
771028
308439
49364
194383
42249
200670
45833
42202
199582
47506
310192
48742
308643
199579
51080
47056
204378
51359
202193
452615
50883
48663
442873
487474
312486
310195
309367
46589
199745
46637
205961
200875
460180
318618
196261
309370
52780
42226
47845
195766
46711
308703
42310
44733
39531
42336
475753
39500
477279
62614
42282
450768
195302
446898
62626
47788
9180
46548
50357
42447
239504
315688
308640
37440
670987
52960
48855
47897
317600
201752
46978
460145
52214
199238
47638
310481
42549
318604
47822
47944
313307
309332
48627
45895
194380
52044
47970
460271
57355
45872
37443
203282
50230
37543
46679
190547
52610
771067
62762
47929
47305
456219
48758
450941
37496
708056
63047
308448
194644
308348
771061
47336
50735
308533
47679
770946
48286
201758
313320
188533
449509
188563
204844
47659
310509
48652
74243
47382
202192
451349
204390
51218
308405
449506
48017
51168
450940
46725
62549
49222
50043
51142
208152
47677
190649
315052
47167
239499
46695
207477
52390
46212
445230
447290
450932
200917
40082
42331
448695
37482
314692
188536
309133
308528
45856
48689
62642
307871
49280
309757
449608
48357
46628
308590
48692
187846
39666
50846
450942
187858
460130
50739
54084
770932
449335
670804
460392
449640
191636
770914
308715
48751
205973
468381
194298
46710
53901
463530
318466
56164
446908
478721
198321
48634
52397
453577
48173
208459
52908
449436
48318
52061
452735
